0.00005 10 10
500
6270.914062 0.006279
-0.294480 0.185147 0.000000
-0.560918 -0.694794 0.000000
134.696533 0.009228
-0.236100 -0.489215 0.000000
0.189152 -0.816917 0.000000
696.883789 0.004059
0.366358 0.990074 0.000000
0.179436 0.779721 0.000000
3741.602295 0.005777
-0.380815 0.661902 0.000000
0.576201 0.005779 0.000000
5740.952148 0.002716
-0.586297 -0.798849 0.000000
-0.547188 0.124490 0.000000
1489.266113 0.007619
-0.343853 0.706920 0.000000
-0.987874 0.003203 0.000000
4158.684570 0.005929
0.606014 -0.961132 0.000000
-0.778048 0.595520 0.000000
1377.760620 0.004578
-0.214760 -0.638857 0.000000
-0.859137 0.641738 0.000000
3517.318115 0.009841
0.626578 -0.110942 0.000000
0.894838 0.322519 0.000000
8519.247070 0.006413
0.403930 0.042943 0.000000
-0.832567 -0.882477 0.000000
7942.820312 0.009355
0.563662 -0.534884 0.000000
0.468320 -0.755331 0.000000
6699.819824 0.008091
0.614657 -0.700060 0.000000
0.895460 -0.054088 0.000000
8705.520508 0.009265
-0.802249 -0.829161 0.000000
0.812577 -0.473682 0.000000
2455.725098 0.002524
0.227673 -0.484089 0.000000
0.838430 -0.882428 0.000000
6602.096680 0.006051
-0.834546 0.542249 0.000000
0.659773 -0.275718 0.000000
2905.827637 0.002498
-0.201996 0.248296 0.000000
0.492965 -0.855314 0.000000
8602.511719 0.002198
-0.433737 -0.167137 0.000000
0.778775 0.335132 0.000000
5859.116211 0.003078
-0.367438 0.519853 0.000000
-0.953829 0.369492 0.000000
8540.677734 0.003003
-0.038950 -0.462834 0.000000
-0.345262 -0.064221 0.000000
292.421814 0.004598
-0.658271 0.975089 0.000000
-0.300629 -0.776256 0.000000
2783.876465 0.001007
0.249797 0.280395 0.000000
0.425080 0.354635 0.000000
8104.978027 0.004342
0.575626 0.145555 0.000000
-0.519314 -0.812779 0.000000
3245.391357 0.007095
-0.125746 0.652427 0.000000
0.021919 0.281505 0.000000
8633.357422 0.005142
0.457591 -0.269975 0.000000
0.665805 -0.312306 0.000000
7436.124023 0.001505
-0.912582 0.724095 0.000000
0.947839 0.828903 0.000000
9152.106445 0.004541
-0.932816 -0.495530 0.000000
0.859104 0.080202 0.000000
9114.910156 0.007715
-0.362181 0.480062 0.000000
0.667282 0.398590 0.000000
3765.577393 0.006033
-0.229068 -0.683775 0.000000
0.597731 0.627245 0.000000
2739.076172 0.009068
-0.477124 0.324375 0.000000
-0.987931 -0.994739 0.000000
588.889832 0.001849
0.912775 0.499242 0.000000
0.328145 -0.794992 0.000000
4959.489746 0.009373
-0.634916 0.158549 0.000000
-0.761249 0.058981 0.000000
2756.949951 0.002009
0.704249 -0.938284 0.000000
0.460306 0.189064 0.000000
1538.695190 0.007172
0.687757 -0.786704 0.000000
0.840541 0.078502 0.000000
4357.331055 0.006785
-0.390138 -0.611789 0.000000
-0.606528 0.394230 0.000000
7914.759277 0.003799
-0.878827 -0.488938 0.000000
-0.283930 0.495686 0.000000
6781.819824 0.007522
-0.392132 0.707867 0.000000
-0.233152 0.721383 0.000000
9727.880859 0.004810
-0.091665 0.318093 0.000000
-0.492843 0.649820 0.000000
5107.246094 0.002659
-0.418063 -0.185273 0.000000
0.893229 -0.290892 0.000000
9972.981445 0.002901
-0.189311 -0.235418 0.000000
-0.841188 -0.395542 0.000000
6132.332031 0.006419
0.715222 0.741722 0.000000
0.237408 0.347562 0.000000
3985.005859 0.002941
-0.860841 -0.406293 0.000000
-0.684910 0.404749 0.000000
1257.713989 0.005077
-0.775901 -0.739339 0.000000
0.910481 0.159703 0.000000
7641.950684 0.004291
0.545983 -0.068168 0.000000
0.640940 -0.889720 0.000000
2664.520020 0.007476
-0.796206 0.635536 0.000000
-0.760006 0.343446 0.000000
2738.759766 0.002632
-0.895673 0.466383 0.000000
-0.186054 -0.737171 0.000000
3471.258545 0.007038
0.935442 0.610826 0.000000
0.015575 -0.166720 0.000000
8696.561523 0.002127
-0.488807 0.266943 0.000000
-0.573354 0.963385 0.000000
3473.858643 0.002898
0.353506 0.954989 0.000000
-0.934732 -0.759376 0.000000
8399.336914 0.005475
-0.370017 -0.401974 0.000000
0.941472 0.883629 0.000000
1232.051147 0.004915
-0.663640 -0.510921 0.000000
-0.248092 -0.649438 0.000000
8461.640625 0.006176
-0.238868 0.446029 0.000000
-0.720691 0.627739 0.000000
9391.418945 0.008995
0.043651 -0.981405 0.000000
0.981980 -0.610535 0.000000
4056.289062 0.007616
0.425285 -0.323379 0.000000
-0.082755 -0.835355 0.000000
5795.877441 0.007707
-0.911421 -0.402920 0.000000
-0.519290 0.789074 0.000000
3295.924316 0.001135
-0.480870 -0.273055 0.000000
0.077507 -0.004589 0.000000
729.508850 0.006720
-0.282934 -0.230196 0.000000
-0.602456 -0.093152 0.000000
3418.436768 0.005484
0.014970 -0.724185 0.000000
-0.334720 0.727206 0.000000
5987.914551 0.005486
0.673571 0.476419 0.000000
0.641064 -0.377212 0.000000
567.650574 0.003659
0.187896 -0.199844 0.000000
-0.410770 -0.798079 0.000000
1160.744751 0.008509
-0.604450 0.248280 0.000000
-0.756309 -0.248898 0.000000
111.685982 0.007629
-0.757139 -0.610593 0.000000
0.296256 -0.260794 0.000000
8678.034180 0.003882
-0.083780 0.979812 0.000000
0.707018 -0.249450 0.000000
8737.625000 0.008117
0.057920 -0.095480 0.000000
0.527308 0.421070 0.000000
60.425175 0.004145
0.499139 0.640650 0.000000
0.842570 0.199782 0.000000
4342.506836 0.001398
0.336649 -0.925457 0.000000
-0.174355 0.263938 0.000000
3685.609619 0.008112
0.969748 -0.152216 0.000000
0.586990 -0.020143 0.000000
8101.499512 0.006697
0.245815 0.322570 0.000000
-0.926880 -0.463518 0.000000
590.854309 0.005288
0.857353 0.820620 0.000000
0.241690 0.175902 0.000000
9374.494141 0.007231
0.025311 0.253577 0.000000
-0.546641 0.374026 0.000000
7312.242188 0.004905
-0.057576 0.321747 0.000000
-0.414314 -0.200956 0.000000
1897.732300 0.008956
-0.384147 0.322681 0.000000
-0.697462 -0.650868 0.000000
8075.871582 0.001913
0.525412 0.922800 0.000000
-0.540718 -0.139049 0.000000
9069.011719 0.008193
0.419153 -0.422735 0.000000
0.753167 0.671137 0.000000
5279.464844 0.003974
0.914420 0.628054 0.000000
0.002079 -0.918891 0.000000
4745.479980 0.002655
0.689526 -0.535526 0.000000
0.263518 0.891415 0.000000
8297.588867 0.002238
0.597893 0.642902 0.000000
0.992035 -0.724664 0.000000
2391.654541 0.009552
0.823231 0.607170 0.000000
-0.531879 -0.996409 0.000000
8010.817383 0.002271
-0.140222 -0.718095 0.000000
0.953042 0.021276 0.000000
8410.755859 0.003758
-0.759001 0.008841 0.000000
0.089950 0.596539 0.000000
9821.607422 0.006594
0.707553 -0.961059 0.000000
0.930356 0.653844 0.000000
9645.312500 0.005370
-0.386027 0.589840 0.000000
0.865176 0.526948 0.000000
7137.183594 0.003727
-0.786821 -0.656645 0.000000
-0.653054 0.250611 0.000000
7665.854980 0.004066
-0.036795 0.949070 0.000000
-0.029654 -0.607097 0.000000
5029.740234 0.005123
0.925088 -0.347534 0.000000
-0.750995 0.246848 0.000000
2450.388184 0.005568
0.053979 -0.786677 0.000000
0.867167 -0.802521 0.000000
5843.166992 0.005430
-0.425825 0.796222 0.000000
0.323170 0.782524 0.000000
1943.464600 0.002977
-0.217293 -0.249450 0.000000
-0.998839 -0.398290 0.000000
6415.409180 0.006083
0.078723 0.534285 0.000000
0.927188 -0.753785 0.000000
5812.730469 0.001221
-0.298465 -0.066964 0.000000
-0.820116 0.087550 0.000000
513.890320 0.005277
0.163862 -0.330189 0.000000
-0.132710 0.156568 0.000000
705.444153 0.005640
-0.172750 -0.964159 0.000000
0.818364 -0.284922 0.000000
5772.571777 0.001677
-0.099030 -0.793104 0.000000
-0.191394 0.937136 0.000000
5334.411621 0.005060
-0.563584 -0.908384 0.000000
-0.662168 -0.854488 0.000000
973.804688 0.002636
0.296640 0.500294 0.000000
-0.412156 -0.103885 0.000000
9233.348633 0.007644
-0.853665 -0.309568 0.000000
0.847000 0.010516 0.000000
208.704025 0.005561
0.049466 0.987903 0.000000
-0.297019 -0.131205 0.000000
5096.571289 0.004905
0.074726 0.857411 0.000000
0.794547 0.920187 0.000000
4112.176270 0.009475
0.974949 -0.138664 0.000000
0.006848 0.258733 0.000000
8111.872559 0.002408
0.813074 0.201428 0.000000
-0.902457 -0.081024 0.000000
1978.304688 0.002804
0.091351 0.944197 0.000000
-0.045286 -0.458165 0.000000
7777.524902 0.005223
-0.073746 -0.003741 0.000000
0.865054 -0.395074 0.000000
7364.046387 0.008332
0.486646 -0.115730 0.000000
-0.195543 -0.452517 0.000000
2154.859863 0.006765
-0.857470 0.626775 0.000000
-0.114492 -0.594236 0.000000
3593.362793 0.006172
-0.649194 -0.492156 0.000000
0.426821 -0.468381 0.000000
4663.220703 0.003018
-0.607454 0.822321 0.000000
-0.635843 -0.976111 0.000000
4811.716797 0.007063
-0.656481 0.919617 0.000000
-0.475456 0.888494 0.000000
7588.886230 0.001939
0.092844 0.997300 0.000000
-0.455217 0.004375 0.000000
1428.701050 0.009538
0.524075 -0.024402 0.000000
0.381362 -0.571901 0.000000
7887.591797 0.002843
-0.082573 -0.900094 0.000000
-0.368475 0.928282 0.000000
1883.966797 0.002549
-0.833430 0.564062 0.000000
0.587951 -0.230823 0.000000
583.129517 0.003388
-0.549656 -0.449809 0.000000
-0.561316 -0.540044 0.000000
3343.313232 0.005387
-0.027812 0.956413 0.000000
-0.039211 0.761373 0.000000
8293.538086 0.007826
-0.507431 0.246358 0.000000
0.674456 0.182748 0.000000
7961.860352 0.009433
0.973837 0.251932 0.000000
0.180214 -0.490242 0.000000
4270.605957 0.003724
-0.830575 0.556845 0.000000
-0.673977 0.020576 0.000000
7756.737305 0.008908
-0.692434 -0.557540 0.000000
-0.097583 -0.998354 0.000000
4883.180664 0.004358
-0.297336 0.570946 0.000000
0.332319 0.948722 0.000000
7328.730469 0.008486
-0.090190 -0.009007 0.000000
-0.826259 0.958261 0.000000
9161.043945 0.003629
0.836199 0.766072 0.000000
-0.724169 0.806029 0.000000
2057.750000 0.005574
-0.426742 0.129838 0.000000
-0.849586 -0.419184 0.000000
1691.787598 0.005047
0.341741 0.701716 0.000000
0.703362 -0.354242 0.000000
6960.344727 0.002099
0.815104 -0.320104 0.000000
-0.371382 -0.905328 0.000000
8790.747070 0.006163
-0.861584 -0.905689 0.000000
-0.947428 -0.332065 0.000000
6261.383301 0.002405
-0.921770 0.884764 0.000000
0.690793 0.088401 0.000000
525.015442 0.002593
0.483898 -0.897816 0.000000
-0.317000 -0.321928 0.000000
7886.975586 0.008354
0.336028 0.021191 0.000000
0.666949 -0.080906 0.000000
5816.679688 0.005677
0.719287 0.058957 0.000000
0.153630 -0.021644 0.000000
629.836670 0.002566
-0.557784 -0.088245 0.000000
0.579690 -0.735804 0.000000
2882.479248 0.003227
-0.620448 -0.168108 0.000000
0.920293 -0.345417 0.000000
5043.716309 0.001317
-0.827470 -0.974894 0.000000
-0.296822 -0.507458 0.000000
635.208130 0.004850
0.876721 -0.719469 0.000000
0.199625 0.462883 0.000000
2512.115234 0.007947
-0.397372 -0.637122 0.000000
0.341234 -0.778440 0.000000
2848.042969 0.008903
-0.331988 0.467014 0.000000
0.731210 0.011681 0.000000
7532.593750 0.002115
0.079594 -0.692436 0.000000
-0.037853 0.886021 0.000000
9781.856445 0.005499
0.024993 0.970791 0.000000
-0.536667 -0.871103 0.000000
4922.640137 0.008777
-0.991297 -0.409812 0.000000
-0.946930 -0.138852 0.000000
2024.887573 0.006437
0.571205 -0.444657 0.000000
-0.223096 0.007446 0.000000
3819.131836 0.005106
-0.620546 0.346369 0.000000
-0.641949 0.431715 0.000000
8397.245117 0.001498
-0.581773 0.864520 0.000000
0.750541 -0.240989 0.000000
8794.612305 0.007212
0.351165 0.706908 0.000000
0.835805 -0.216108 0.000000
2561.060303 0.009165
-0.595314 -0.179769 0.000000
0.681379 -0.479234 0.000000
8645.605469 0.003060
0.013099 -0.913803 0.000000
0.093643 0.300299 0.000000
1064.588745 0.009055
0.136372 0.857345 0.000000
0.289060 -0.407807 0.000000
3514.928711 0.007725
0.358943 -0.031523 0.000000
0.727488 0.121083 0.000000
2508.034180 0.005993
-0.183608 0.486387 0.000000
-0.729722 0.852622 0.000000
8335.765625 0.003935
0.472428 -0.217658 0.000000
0.303108 -0.928194 0.000000
2648.542480 0.006192
0.240004 0.032202 0.000000
-0.667499 0.542661 0.000000
6663.651367 0.002501
-0.809008 -0.454760 0.000000
0.137432 -0.530964 0.000000
9817.309570 0.007660
-0.551471 0.840289 0.000000
-0.038628 0.322401 0.000000
2160.207520 0.001792
0.662404 0.462829 0.000000
0.315450 0.248277 0.000000
9502.419922 0.009697
-0.284976 -0.017430 0.000000
0.054376 0.372902 0.000000
2634.285400 0.001082
0.050333 0.583937 0.000000
0.126598 0.766714 0.000000
502.754425 0.007223
0.928074 -0.540739 0.000000
-0.071703 -0.708647 0.000000
8857.140625 0.005795
-0.094204 -0.108245 0.000000
-0.785844 -0.780065 0.000000
1980.562500 0.009402
0.329996 -0.353959 0.000000
0.894318 -0.941644 0.000000
9955.199219 0.003905
0.628016 0.794792 0.000000
0.167694 -0.293937 0.000000
3621.614014 0.004071
-0.733671 0.694404 0.000000
0.461118 0.774529 0.000000
5787.237305 0.007268
0.852189 0.561479 0.000000
0.852832 0.085438 0.000000
755.647827 0.004512
0.672241 0.624237 0.000000
0.844172 0.056740 0.000000
4620.074219 0.009489
-0.467562 -0.759876 0.000000
-0.701520 -0.746097 0.000000
4497.295410 0.002920
-0.778453 -0.710481 0.000000
-0.004418 -0.472635 0.000000
6049.181152 0.007252
0.083644 0.719777 0.000000
0.494306 0.476087 0.000000
4345.635254 0.003451
-0.893759 -0.348331 0.000000
0.737107 -0.278797 0.000000
7508.691406 0.009816
0.583310 0.888052 0.000000
-0.055208 0.173930 0.000000
5302.102539 0.007424
0.667605 0.868699 0.000000
-0.877398 0.592764 0.000000
98.587685 0.009847
-0.744396 0.021951 0.000000
0.549316 -0.758934 0.000000
8151.720215 0.006630
-0.029036 -0.240926 0.000000
-0.764840 -0.286049 0.000000
6293.938477 0.003094
0.116940 0.104174 0.000000
0.825377 0.364954 0.000000
6620.472656 0.004843
-0.257901 0.327065 0.000000
-0.499005 -0.092663 0.000000
1674.922485 0.008591
0.555590 0.561322 0.000000
0.154086 -0.997577 0.000000
9842.558594 0.008552
-0.299857 0.173605 0.000000
0.414672 -0.775887 0.000000
7376.758789 0.002123
0.008533 0.044979 0.000000
0.758930 -0.553737 0.000000
4558.211914 0.006597
-0.652132 0.017644 0.000000
-0.617402 -0.971527 0.000000
4413.158691 0.001780
0.500310 0.706625 0.000000
-0.386038 0.624619 0.000000
6557.888672 0.001006
0.562626 -0.051220 0.000000
-0.048797 -0.132901 0.000000
2727.180420 0.004225
0.890318 -0.080289 0.000000
0.143824 0.245434 0.000000
7474.718750 0.006872
-0.650032 -0.380877 0.000000
0.065387 -0.496574 0.000000
8735.725586 0.001490
0.126542 0.976920 0.000000
-0.994607 -0.905013 0.000000
1342.024902 0.007791
0.215765 -0.112087 0.000000
-0.487468 0.768542 0.000000
8849.347656 0.009234
-0.221494 0.824041 0.000000
-0.308861 0.332473 0.000000
246.901306 0.008784
-0.350580 0.236430 0.000000
-0.518137 0.939503 0.000000
6222.836914 0.009070
-0.587632 0.976757 0.000000
-0.519817 0.594460 0.000000
8516.936523 0.007650
0.454674 -0.772697 0.000000
-0.677710 -0.170101 0.000000
1696.026489 0.007570
-0.652020 -0.409478 0.000000
-0.640936 0.554804 0.000000
6922.961426 0.004872
-0.315448 -0.871090 0.000000
0.461383 -0.836963 0.000000
9463.785156 0.007191
-0.387878 0.510568 0.000000
0.450071 -0.457833 0.000000
1677.886597 0.005923
0.070742 -0.305437 0.000000
-0.710977 -0.252222 0.000000
1128.549072 0.007979
0.778228 0.992380 0.000000
-0.177720 0.680206 0.000000
5701.797852 0.001452
-0.308960 0.161319 0.000000
-0.283877 0.488254 0.000000
1744.654419 0.005725
0.179014 -0.899346 0.000000
-0.736309 0.033318 0.000000
2045.844971 0.003882
-0.849035 -0.843563 0.000000
-0.301396 0.021131 0.000000
576.524536 0.008205
-0.704401 0.034014 0.000000
0.781793 0.185858 0.000000
3684.546387 0.003631
-0.422998 -0.992675 0.000000
0.687531 -0.484989 0.000000
3078.334229 0.007297
-0.439399 -0.172195 0.000000
-0.683941 0.306568 0.000000
1784.180298 0.006745
0.377377 -0.335175 0.000000
0.698143 0.535685 0.000000
881.323608 0.008385
0.797505 -0.892847 0.000000
0.128284 -0.672952 0.000000
9640.455078 0.003232
0.530123 0.243401 0.000000
-0.570741 -0.776317 0.000000
4042.121338 0.006904
0.319241 0.166042 0.000000
0.681052 0.385307 0.000000
3923.553223 0.005530
0.834577 -0.703419 0.000000
0.603149 0.345190 0.000000
3110.255859 0.001678
-0.184539 0.959821 0.000000
0.495506 0.999291 0.000000
8201.974609 0.003311
-0.379243 0.671588 0.000000
0.998636 0.437864 0.000000
9669.896484 0.008871
-0.007559 0.926720 0.000000
-0.849597 0.464096 0.000000
3880.670166 0.007398
-0.412258 -0.041292 0.000000
-0.655984 -0.904747 0.000000
5510.574219 0.002210
-0.434625 0.128605 0.000000
-0.526206 -0.063398 0.000000
5436.650391 0.001758
-0.871655 0.095708 0.000000
0.094999 0.902700 0.000000
2082.310059 0.008307
0.295439 -0.264642 0.000000
-0.826778 0.037060 0.000000
3931.112061 0.006823
0.220795 -0.892806 0.000000
0.571290 0.778543 0.000000
6001.613281 0.007170
-0.670093 -0.652698 0.000000
-0.557446 0.787984 0.000000
284.865204 0.004033
0.802527 0.544579 0.000000
-0.518818 -0.377846 0.000000
3953.993408 0.002243
0.372029 0.568421 0.000000
0.471120 -0.080978 0.000000
2715.094482 0.003102
0.202385 0.887424 0.000000
-0.075516 0.838313 0.000000
5662.372559 0.007190
0.482801 0.710585 0.000000
0.489128 -0.646817 0.000000
8622.044922 0.005743
0.401393 -0.310629 0.000000
-0.522645 -0.945712 0.000000
3641.686279 0.009298
0.388526 -0.465866 0.000000
0.156287 -0.469263 0.000000
4035.887451 0.009414
0.438129 0.946965 0.000000
-0.134012 -0.820913 0.000000
3231.252686 0.005092
-0.203327 0.408861 0.000000
0.247173 0.848500 0.000000
6120.923828 0.008745
0.431743 -0.620439 0.000000
-0.267256 -0.293092 0.000000
8805.116211 0.005144
0.610242 -0.542875 0.000000
-0.488587 0.162392 0.000000
5032.192871 0.001394
-0.378269 0.239624 0.000000
0.770360 -0.605134 0.000000
1323.736816 0.009001
0.724983 -0.422581 0.000000
-0.243494 0.702703 0.000000
3060.454346 0.003659
0.999832 0.402621 0.000000
0.251122 0.408626 0.000000
5649.352539 0.006612
0.626566 -0.524771 0.000000
0.182137 -0.438473 0.000000
7412.249512 0.002617
-0.183564 -0.056864 0.000000
-0.894472 0.092640 0.000000
5901.594727 0.006975
-0.432527 0.111868 0.000000
0.506733 0.801968 0.000000
7900.139160 0.002520
-0.084748 0.771307 0.000000
0.474010 0.304969 0.000000
9479.752930 0.008523
0.074379 -0.914038 0.000000
0.494587 0.895772 0.000000
5714.313477 0.002465
-0.199270 -0.375629 0.000000
0.185898 -0.230657 0.000000
5643.702148 0.009923
-0.073997 -0.331704 0.000000
0.760936 0.945089 0.000000
6365.054688 0.005642
-0.856601 -0.058827 0.000000
-0.256859 0.840411 0.000000
892.132690 0.008426
0.421439 -0.676874 0.000000
0.628096 0.093496 0.000000
3826.890137 0.005030
-0.018589 0.524036 0.000000
0.419808 0.839634 0.000000
826.592346 0.003142
0.100369 -0.437415 0.000000
0.331928 -0.034135 0.000000
4744.184082 0.002288
-0.045437 -0.539419 0.000000
-0.594330 0.874735 0.000000
4531.878906 0.004220
0.656672 0.678608 0.000000
0.519019 0.049666 0.000000
3499.640137 0.002799
-0.277062 0.697264 0.000000
-0.209240 -0.878763 0.000000
5083.924805 0.002580
0.875069 0.556015 0.000000
0.395649 0.998098 0.000000
2371.243164 0.006827
0.857462 0.560784 0.000000
-0.473352 0.574465 0.000000
9303.730469 0.006352
0.649970 0.475380 0.000000
0.350115 -0.184705 0.000000
7654.203125 0.001250
0.734249 -0.743619 0.000000
0.306047 0.187465 0.000000
7936.591797 0.006640
-0.049468 -0.994155 0.000000
-0.872918 -0.689785 0.000000
3306.915771 0.008836
0.297306 0.143769 0.000000
0.141867 -0.463681 0.000000
9156.064453 0.004118
-0.746261 0.615963 0.000000
0.190428 0.688658 0.000000
4390.795410 0.004512
-0.744233 0.051160 0.000000
0.866455 -0.471983 0.000000
2918.995117 0.008226
0.862263 0.397249 0.000000
-0.415286 -0.682094 0.000000
7856.083496 0.006257
0.174155 -0.828009 0.000000
-0.517794 -0.478294 0.000000
1315.854736 0.006856
-0.554994 0.143456 0.000000
0.679775 0.560304 0.000000
1267.166748 0.008141
0.202835 0.510970 0.000000
0.199628 -0.493003 0.000000
6437.278320 0.002770
0.444424 -0.922325 0.000000
-0.394308 0.543151 0.000000
5745.591797 0.006899
-0.291872 0.189350 0.000000
0.507256 0.011297 0.000000
898.943359 0.006818
0.464833 0.078429 0.000000
0.600135 0.353762 0.000000
3275.666504 0.009762
0.090495 0.863132 0.000000
0.423436 0.100005 0.000000
3435.045410 0.004466
-0.718760 0.676694 0.000000
-0.816308 0.889713 0.000000
1415.742065 0.007664
0.558543 0.471076 0.000000
0.014228 0.727400 0.000000
5191.877441 0.001739
0.353585 -0.836739 0.000000
0.174557 0.746407 0.000000
5196.722656 0.004874
0.939270 0.354164 0.000000
-0.292074 -0.495919 0.000000
2256.374756 0.007927
0.402536 0.362924 0.000000
-0.537071 0.541615 0.000000
1560.264282 0.004717
-0.497333 0.149807 0.000000
0.039520 -0.406876 0.000000
370.921692 0.004089
-0.842566 0.322497 0.000000
0.049897 0.632535 0.000000
8983.951172 0.006272
0.334923 -0.911823 0.000000
0.834584 0.150355 0.000000
56.968071 0.003293
0.863644 -0.126168 0.000000
0.377913 0.950464 0.000000
7449.598145 0.003572
0.934494 0.829033 0.000000
0.370648 -0.107595 0.000000
8592.027344 0.002788
0.547230 0.682532 0.000000
-0.724344 -0.778956 0.000000
4537.556641 0.003640
0.909248 -0.650352 0.000000
0.982182 0.064836 0.000000
1183.372803 0.005316
0.047322 0.778952 0.000000
-0.070693 0.571421 0.000000
405.463440 0.004969
0.755738 -0.059499 0.000000
-0.109034 0.944545 0.000000
2581.313477 0.006101
-0.037316 -0.619166 0.000000
0.273239 -0.549392 0.000000
4240.733398 0.002500
-0.984136 -0.008383 0.000000
0.212661 -0.604738 0.000000
4910.571289 0.002312
-0.358832 -0.879937 0.000000
0.184899 -0.108740 0.000000
9252.101562 0.003805
-0.597697 0.421397 0.000000
-0.007182 -0.102273 0.000000
8898.274414 0.006992
-0.727889 0.073719 0.000000
0.018264 0.535371 0.000000
3345.773438 0.006234
0.543911 0.534378 0.000000
0.984986 0.631706 0.000000
9825.208984 0.004677
0.808767 -0.166982 0.000000
0.228279 0.980903 0.000000
1362.979248 0.005596
0.141491 -0.789708 0.000000
0.101552 -0.086409 0.000000
7684.938965 0.002469
0.747787 -0.048043 0.000000
0.849685 0.939244 0.000000
6354.632812 0.004333
0.814324 0.629318 0.000000
0.164688 0.542964 0.000000
3530.852051 0.004747
-0.633034 0.833710 0.000000
0.465416 -0.750048 0.000000
5335.979004 0.002584
0.184970 0.430454 0.000000
0.411357 -0.124130 0.000000
9486.541016 0.002860
-0.376458 0.683780 0.000000
-0.402629 0.038789 0.000000
6826.208984 0.008763
-0.322949 -0.865687 0.000000
-0.926443 0.112966 0.000000
9267.928711 0.003370
-0.843947 0.344410 0.000000
-0.112625 0.667896 0.000000
2503.168457 0.006943
0.154451 0.593416 0.000000
0.843368 -0.132550 0.000000
6097.402832 0.003789
-0.949679 -0.089530 0.000000
0.786340 -0.595627 0.000000
4088.703857 0.007578
0.145458 0.683638 0.000000
-0.277573 0.441164 0.000000
5831.707520 0.008843
0.877141 -0.912395 0.000000
0.200571 0.843309 0.000000
1851.040771 0.009778
0.295108 0.054142 0.000000
-0.277963 -0.473901 0.000000
9234.278320 0.001821
0.775899 0.222521 0.000000
-0.910029 0.001292 0.000000
8105.984863 0.008287
-0.470263 0.309373 0.000000
0.713746 0.671480 0.000000
5666.224609 0.002422
0.999715 -0.468631 0.000000
0.972533 -0.721384 0.000000
108.212318 0.004250
-0.190253 0.138791 0.000000
-0.017900 0.898586 0.000000
9246.493164 0.001046
0.064459 0.352146 0.000000
0.878244 0.144392 0.000000
6634.709473 0.009039
0.009017 0.725085 0.000000
-0.273624 0.102773 0.000000
3610.837158 0.005945
-0.591638 -0.652465 0.000000
-0.980984 0.251776 0.000000
7839.482910 0.001549
-0.346523 0.152174 0.000000
0.430790 0.567568 0.000000
1449.404663 0.003817
0.764801 0.452235 0.000000
0.350820 0.099457 0.000000
5549.313965 0.004361
-0.900953 0.200104 0.000000
-0.655504 -0.825767 0.000000
9803.665039 0.009898
0.702376 0.671370 0.000000
-0.225856 -0.030254 0.000000
344.638306 0.002929
-0.223713 0.496183 0.000000
-0.252040 -0.522904 0.000000
2996.721924 0.004579
0.947477 -0.684187 0.000000
0.883381 0.252681 0.000000
9393.515625 0.007202
-0.169498 -0.826909 0.000000
0.272548 0.643492 0.000000
1952.773438 0.001816
0.381426 -0.617679 0.000000
-0.443446 -0.510559 0.000000
2334.427002 0.008767
0.397292 -0.482717 0.000000
0.487029 -0.830892 0.000000
2990.000488 0.001771
0.667619 0.555764 0.000000
-0.967140 0.374147 0.000000
848.167664 0.002870
-0.268609 -0.367935 0.000000
0.884746 -0.883072 0.000000
7476.226562 0.003766
-0.212136 0.763437 0.000000
0.406929 -0.674304 0.000000
2535.838623 0.001272
-0.557267 0.797323 0.000000
-0.713236 0.888444 0.000000
8072.022461 0.005497
0.516570 -0.246504 0.000000
-0.077397 0.011658 0.000000
5915.875000 0.005516
-0.440637 0.520463 0.000000
-0.105389 -0.149288 0.000000
6331.818848 0.003665
0.224288 0.064061 0.000000
0.180989 0.997682 0.000000
3062.965820 0.005991
-0.127530 -0.323817 0.000000
0.001880 0.400318 0.000000
7303.917480 0.002257
-0.923278 0.508898 0.000000
0.397343 0.903462 0.000000
4514.295898 0.002636
0.116982 0.011708 0.000000
-0.976634 -0.580681 0.000000
7114.882324 0.001178
0.560048 0.206460 0.000000
-0.942828 0.982282 0.000000
2873.240967 0.003046
0.518720 0.323462 0.000000
0.321144 0.798794 0.000000
4539.682617 0.004149
0.375892 0.933598 0.000000
0.333917 0.780298 0.000000
299.457092 0.002700
0.886670 -0.205354 0.000000
-0.301891 -0.863580 0.000000
2500.278076 0.006778
-0.704279 0.600858 0.000000
-0.979822 0.616887 0.000000
8282.532227 0.002436
0.525547 0.443096 0.000000
0.425379 0.216520 0.000000
8356.059570 0.008122
-0.093819 0.999884 0.000000
0.798678 0.189899 0.000000
9448.090820 0.002023
-0.839077 -0.293495 0.000000
-0.513197 0.265499 0.000000
8216.531250 0.007727
-0.710514 -0.453500 0.000000
-0.317080 0.529941 0.000000
4070.358643 0.005444
-0.411547 0.182826 0.000000
-0.200287 0.109674 0.000000
7144.093262 0.003739
-0.948273 -0.543815 0.000000
0.672705 -0.045692 0.000000
2685.867188 0.007647
0.476990 0.343884 0.000000
-0.466217 0.443208 0.000000
8352.828125 0.006741
0.982173 -0.576610 0.000000
0.688889 0.831456 0.000000
6631.814941 0.003110
0.015476 0.332160 0.000000
-0.137900 0.615782 0.000000
3017.580566 0.008643
-0.118778 0.676053 0.000000
-0.214272 0.191829 0.000000
9002.399414 0.008564
-0.862880 -0.785511 0.000000
0.168797 0.852187 0.000000
6646.796387 0.009144
0.153709 0.705825 0.000000
0.149033 -0.193718 0.000000
410.704987 0.008594
-0.889118 -0.180435 0.000000
-0.348979 -0.935878 0.000000
2666.219971 0.009099
0.131931 0.977317 0.000000
0.593098 0.548573 0.000000
6235.223145 0.009973
0.670084 -0.803525 0.000000
0.388304 -0.871809 0.000000
9045.724609 0.003051
-0.329699 0.188764 0.000000
0.040951 0.946245 0.000000
8780.471680 0.009276
0.544923 -0.629757 0.000000
0.176525 -0.090221 0.000000
2987.054199 0.004123
0.513521 0.258474 0.000000
0.322596 -0.291848 0.000000
2540.362305 0.001740
-0.858141 0.855693 0.000000
0.404266 0.639854 0.000000
8169.606445 0.008807
0.931432 -0.348764 0.000000
-0.220573 0.303969 0.000000
8799.025391 0.006939
-0.491500 -0.411447 0.000000
-0.465202 -0.569918 0.000000
1346.767944 0.007973
0.919694 -0.709132 0.000000
0.200647 0.814104 0.000000
2541.043457 0.005933
-0.645307 0.797917 0.000000
-0.493930 -0.978419 0.000000
931.520020 0.008548
0.532982 0.013993 0.000000
-0.346153 -0.672019 0.000000
315.660431 0.005218
0.588485 -0.712268 0.000000
0.591701 0.994370 0.000000
6570.874023 0.002656
-0.043535 0.351482 0.000000
0.781563 0.822606 0.000000
6860.601562 0.007711
0.782131 -0.949256 0.000000
0.864848 0.291752 0.000000
1940.661133 0.005422
-0.219305 -0.627093 0.000000
-0.605512 -0.257336 0.000000
2100.558105 0.006790
-0.699242 -0.419390 0.000000
-0.091408 0.952936 0.000000
4451.479980 0.005296
0.242336 -0.028470 0.000000
-0.034100 -0.521330 0.000000
4233.485352 0.004753
-0.814482 -0.719993 0.000000
-0.897387 0.803046 0.000000
6471.897949 0.009852
-0.982174 0.474670 0.000000
-0.233578 0.076440 0.000000
297.057281 0.009472
-0.744419 0.154393 0.000000
0.897058 -0.160088 0.000000
634.322876 0.003925
0.230679 -0.682989 0.000000
-0.730053 -0.572565 0.000000
6910.507812 0.001627
0.110800 0.160132 0.000000
0.638802 -0.375624 0.000000
7292.334473 0.001345
-0.643293 -0.514616 0.000000
-0.711570 0.643931 0.000000
8055.258789 0.003067
0.933990 0.582739 0.000000
-0.340821 0.628838 0.000000
7557.803223 0.004152
0.854806 -0.281603 0.000000
0.558309 0.767092 0.000000
2086.594238 0.008883
-0.931125 0.684986 0.000000
-0.887579 0.647839 0.000000
8935.653320 0.002525
0.498954 0.494461 0.000000
-0.881163 -0.102090 0.000000
4873.562988 0.006120
0.623141 0.577250 0.000000
0.221181 0.331317 0.000000
8953.290039 0.009602
0.494311 -0.167806 0.000000
-0.538968 0.724627 0.000000
2125.988037 0.001691
-0.128113 0.972544 0.000000
0.739636 -0.720154 0.000000
159.532089 0.002936
-0.884818 -0.843203 0.000000
0.804636 -0.899416 0.000000
2197.812256 0.002024
0.722065 0.591745 0.000000
-0.510345 0.938361 0.000000
5381.049316 0.009284
0.418152 0.464265 0.000000
-0.204418 -0.300742 0.000000
3054.842041 0.003877
0.471527 -0.413781 0.000000
-0.689153 -0.894860 0.000000
1294.021973 0.009697
0.905103 -0.264113 0.000000
0.015733 0.130517 0.000000
7803.783691 0.008401
0.801536 0.047442 0.000000
0.148027 0.675895 0.000000
9517.540039 0.008228
0.197917 0.587433 0.000000
0.525794 0.625563 0.000000
7332.592773 0.008594
0.151837 -0.398089 0.000000
0.301170 -0.115383 0.000000
7619.988281 0.009763
-0.466361 0.911999 0.000000
-0.982861 -0.004523 0.000000
4640.714844 0.004800
0.580372 -0.724230 0.000000
0.406287 -0.166861 0.000000
2390.150879 0.003682
0.643547 -0.033001 0.000000
-0.357106 -0.720586 0.000000
9427.988281 0.004562
-0.620993 -0.453607 0.000000
-0.828044 0.083504 0.000000
3855.993896 0.009572
-0.493288 0.638421 0.000000
-0.476962 0.922913 0.000000
9351.728516 0.009135
0.719882 -0.953012 0.000000
0.042465 -0.596029 0.000000
6242.658691 0.008817
-0.987209 0.970501 0.000000
-0.196360 -0.171171 0.000000
7124.954590 0.007386
-0.613923 0.281518 0.000000
0.560932 0.068481 0.000000
9300.342773 0.005630
0.575364 0.446518 0.000000
-0.469978 -0.760938 0.000000
720.241943 0.008863
0.385741 0.301098 0.000000
0.224011 -0.349425 0.000000
2293.058594 0.009590
0.955768 0.094344 0.000000
0.498315 -0.821661 0.000000
9576.842773 0.005492
-0.031265 -0.253228 0.000000
0.575600 0.928151 0.000000
6736.467773 0.008976
0.053892 0.000534 0.000000
-0.930986 0.733305 0.000000
3812.001709 0.003767
-0.938658 0.929069 0.000000
-0.831869 -0.662359 0.000000
425.761688 0.003661
0.892461 -0.688007 0.000000
-0.037431 0.470702 0.000000
6897.719727 0.006024
-0.789185 0.421026 0.000000
0.599365 0.335250 0.000000
1668.251465 0.008691
-0.544098 0.514725 0.000000
0.442876 0.302218 0.000000
5373.426758 0.001142
0.032036 -0.209895 0.000000
-0.476590 -0.871515 0.000000
3717.174561 0.005955
0.030119 0.285686 0.000000
0.623327 -0.195349 0.000000
6980.377930 0.006392
0.510243 0.708288 0.000000
0.178990 0.288476 0.000000
2025.540039 0.003128
0.893838 -0.441528 0.000000
0.893722 -0.384236 0.000000
1625.309448 0.007719
0.007929 -0.772794 0.000000
0.529424 -0.219204 0.000000
4062.085449 0.003029
0.240910 -0.395983 0.000000
-0.267498 0.844334 0.000000
4727.447266 0.008939
0.050006 0.475811 0.000000
-0.719537 0.975503 0.000000
5869.175293 0.004030
-0.618379 0.676478 0.000000
-0.035046 -0.316005 0.000000
5784.456543 0.008023
-0.880917 0.369903 0.000000
0.985667 0.050645 0.000000
2719.968750 0.001058
-0.759989 -0.689439 0.000000
0.091358 0.551777 0.000000
13.907986 0.008962
-0.626548 0.903656 0.000000
0.747990 0.243492 0.000000
5039.551270 0.005977
-0.418234 -0.306626 0.000000
-0.331123 -0.942183 0.000000
3656.385254 0.004880
-0.461294 0.842629 0.000000
-0.473376 0.112771 0.000000
3367.576416 0.007766
-0.126436 0.683432 0.000000
-0.265924 -0.207534 0.000000
4026.955811 0.004867
0.169792 0.277925 0.000000
-0.170299 0.045283 0.000000
4074.186279 0.002175
-0.835195 -0.167717 0.000000
-0.924225 0.188171 0.000000
1471.481201 0.009608
-0.393831 0.083586 0.000000
0.141403 -0.124109 0.000000
8690.730469 0.006738
0.117675 0.872553 0.000000
-0.014676 -0.723174 0.000000
8902.544922 0.008399
0.327731 0.658707 0.000000
-0.548827 -0.345949 0.000000
7566.650879 0.001278
0.339732 0.256445 0.000000
-0.698272 -0.316927 0.000000
4721.642090 0.001762
0.001716 0.116446 0.000000
-0.695382 0.109028 0.000000
5109.607422 0.005849
-0.838923 -0.401257 0.000000
0.474635 0.627993 0.000000
4515.741699 0.006861
0.175032 0.212754 0.000000
0.489581 -0.979286 0.000000
8325.232422 0.001722
0.819063 0.270068 0.000000
0.924118 -0.007256 0.000000
5273.229004 0.002216
0.526681 0.437400 0.000000
-0.879527 -0.605717 0.000000
2819.298828 0.009228
-0.055145 0.064696 0.000000
-0.826276 0.565432 0.000000
3215.295898 0.006623
0.848216 0.195548 0.000000
-0.176459 -0.196000 0.000000
533.345215 0.006953
-0.464395 0.726579 0.000000
0.747293 0.281512 0.000000
7209.622559 0.001113
0.295253 0.412306 0.000000
-0.594950 0.260932 0.000000
7656.076172 0.006487
-0.343228 0.459601 0.000000
0.853884 0.057849 0.000000
4431.845703 0.004498
0.841941 -0.582400 0.000000
0.983033 0.831113 0.000000
5403.387207 0.001070
0.211213 -0.374044 0.000000
0.429957 -0.071199 0.000000
1259.133789 0.001156
0.761333 0.536436 0.000000
-0.182052 -0.212743 0.000000
4062.806396 0.007789
-0.079068 -0.740183 0.000000
0.520749 -0.892304 0.000000
6635.673828 0.006967
-0.214417 0.051917 0.000000
-0.890234 0.983839 0.000000
3806.039062 0.003878
0.057068 -0.003976 0.000000
-0.172863 -0.396975 0.000000
3094.140137 0.005680
0.666057 0.907722 0.000000
-0.163476 0.829903 0.000000
9323.351562 0.005932
-0.367550 0.088176 0.000000
0.875433 0.625990 0.000000
5673.512695 0.007527
0.710215 -0.312125 0.000000
-0.204429 -0.944452 0.000000
6907.961426 0.006539
-0.717118 -0.877361 0.000000
-0.893522 -0.832886 0.000000
4033.505371 0.002767
0.388672 -0.132438 0.000000
0.470586 0.863650 0.000000
4519.303223 0.001971
-0.876468 -0.910724 0.000000
0.919179 -0.430192 0.000000
8329.279297 0.005320
-0.951769 0.783836 0.000000
0.409826 -0.701727 0.000000
8743.480469 0.009656
-0.388461 -0.455558 0.000000
-0.400010 0.458887 0.000000
3449.909180 0.007332
0.529749 0.981521 0.000000
-0.851366 -0.027268 0.000000
6827.219238 0.008363
-0.496212 -0.044784 0.000000
-0.181134 -0.245947 0.000000
4849.823730 0.009885
-0.936349 0.722617 0.000000
-0.707574 0.093393 0.000000
268.218323 0.009923
0.766666 0.958248 0.000000
-0.743480 -0.898320 0.000000
127.709465 0.006294
0.720933 -0.994808 0.000000
0.464078 -0.363116 0.000000
220.948105 0.002444
-0.697556 -0.846071 0.000000
0.126661 0.573743 0.000000
6050.242676 0.003030
0.406294 -0.507958 0.000000
0.246094 0.713758 0.000000
8440.817383 0.002013
0.947778 -0.784044 0.000000
0.309349 0.751783 0.000000
8673.195312 0.002081
-0.801549 0.362798 0.000000
0.464479 0.501278 0.000000
3389.510010 0.003047
-0.539837 0.489823 0.000000
-0.873293 -0.601297 0.000000
3598.772949 0.009659
-0.921830 -0.829299 0.000000
0.744444 0.022070 0.000000
7366.006836 0.006422
0.696872 -0.045587 0.000000
-0.331829 -0.120557 0.000000
5523.465820 0.005243
0.158922 -0.643697 0.000000
-0.891914 0.052381 0.000000
6463.275391 0.003107
0.831070 0.842699 0.000000
0.343977 0.491035 0.000000
9730.059570 0.006830
-0.214628 -0.978253 0.000000
-0.579550 -0.593831 0.000000
1652.886108 0.005104
0.082779 0.140077 0.000000
-0.837853 -0.591420 0.000000
8067.247070 0.004723
0.781636 0.635296 0.000000
-0.485261 0.310283 0.000000
1267.121460 0.003024
-0.193889 0.619342 0.000000
-0.328276 0.412172 0.000000
9402.277344 0.005114
-0.243105 0.964308 0.000000
0.455343 0.711513 0.000000
5035.806152 0.001454
-0.877381 0.401350 0.000000
0.807519 0.792434 0.000000
3523.207764 0.003444
0.683146 -0.862071 0.000000
-0.453491 0.787291 0.000000
3073.264160 0.009304
0.480588 -0.840080 0.000000
0.470203 -0.603849 0.000000
4230.366211 0.009979
0.614669 0.723453 0.000000
0.135625 0.652068 0.000000
2832.041992 0.002289
-0.749299 0.016068 0.000000
-0.272418 0.323160 0.000000
7120.452637 0.008677
0.107394 0.734644 0.000000
0.527077 0.546652 0.000000
449.562408 0.005117
0.052842 -0.768411 0.000000
-0.981119 0.772867 0.000000
8090.989746 0.008197
0.759272 -0.366605 0.000000
0.029545 0.098748 0.000000
5470.827148 0.006533
-0.047072 0.875503 0.000000
0.527572 -0.291256 0.000000
4976.188477 0.001398
0.104621 -0.906163 0.000000
0.416997 0.245838 0.000000
4759.935547 0.009245
0.566846 -0.158970 0.000000
-0.612318 -0.940724 0.000000
4871.458008 0.005923
0.325512 -0.522596 0.000000
-0.749729 -0.972969 0.000000
8132.101074 0.007050
0.977788 0.868431 0.000000
-0.032821 0.385654 0.000000
3076.338623 0.005533
-0.117164 -0.938747 0.000000
-0.230002 0.568057 0.000000
8283.217773 0.002847
-0.495756 0.765135 0.000000
0.010973 -0.238770 0.000000
2967.864014 0.009646
-0.237729 0.962855 0.000000
-0.977869 -0.839722 0.000000
6271.378906 0.006175
0.627357 -0.003680 0.000000
0.023352 -0.420286 0.000000
9620.571289 0.009449
0.746059 -0.350266 0.000000
-0.964611 0.901894 0.000000
4546.682617 0.004210
-0.225509 -0.349482 0.000000
-0.781425 0.792064 0.000000
1013.256714 0.007950
0.309623 0.875184 0.000000
-0.363586 -0.293284 0.000000
3140.473389 0.002443
-0.716549 0.229846 0.000000
0.390124 0.390229 0.000000
2701.642334 0.002375
0.301903 -0.355675 0.000000
0.224039 -0.832460 0.000000
226.816254 0.002464
-0.025011 0.148146 0.000000
0.050040 0.791226 0.000000
2523.065430 0.005547
0.660896 0.959268 0.000000
0.751331 0.278954 0.000000
4117.799316 0.009458
0.754656 0.953803 0.000000
-0.339481 -0.866935 0.000000
2269.078857 0.002760
0.620916 0.288476 0.000000
-0.321295 -0.262888 0.000000
5213.954590 0.005550
0.655366 0.218888 0.000000
0.386427 -0.655402 0.000000
3349.929932 0.004957
-0.972449 0.431595 0.000000
0.222822 0.644842 0.000000
3276.773926 0.005849
0.036858 0.727285 0.000000
0.006239 -0.683883 0.000000
978.842896 0.004547
-0.258008 0.829681 0.000000
0.962747 0.950244 0.000000
1707.397461 0.007311
-0.309012 -0.583592 0.000000
0.153520 0.962230 0.000000
4866.862793 0.007164
-0.411419 -0.803785 0.000000
-0.459187 -0.371364 0.000000
7540.448242 0.009888
0.406603 0.210666 0.000000
-0.144491 0.535591 0.000000
3066.601318 0.003832
-0.643290 0.510729 0.000000
0.826846 0.650040 0.000000
2191.927490 0.007133
0.192630 -0.977566 0.000000
0.972678 0.180222 0.000000
2914.374756 0.006199
0.571784 -0.686009 0.000000
-0.723779 0.273721 0.000000
3217.748291 0.004264
-0.078480 0.249491 0.000000
0.878126 0.231995 0.000000
6035.410156 0.007580
-0.327000 0.386167 0.000000
-0.078242 -0.386394 0.000000
6215.533203 0.007878
0.039237 0.534939 0.000000
0.184979 0.599741 0.000000
4813.967773 0.004897
-0.111484 0.623208 0.000000
-0.196570 -0.844680 0.000000
6553.829590 0.004875
0.175185 0.386163 0.000000
-0.340116 -0.117519 0.000000
8039.125977 0.007531
-0.299103 0.303298 0.000000
-0.464707 -0.470694 0.000000
9958.198242 0.003606
0.965190 0.742296 0.000000
-0.644098 -0.335362 0.000000
966.636047 0.004991
-0.578113 0.598933 0.000000
0.198674 0.232384 0.000000
493.282013 0.008231
0.230074 -0.838637 0.000000
-0.683316 -0.013017 0.000000
9240.959961 0.001151
0.419668 0.627381 0.000000
-0.490138 0.023362 0.000000
2374.602051 0.001358
0.382851 -0.882352 0.000000
-0.353046 0.175665 0.000000
8773.560547 0.009632
0.660440 -0.361408 0.000000
0.303231 0.719877 0.000000
3034.821289 0.001074
0.615275 0.496377 0.000000
-0.271239 0.028712 0.000000
3178.570557 0.004663
-0.024688 -0.172773 0.000000
0.814210 0.865652 0.000000
9495.833008 0.006814
-0.080624 0.662386 0.000000
-0.314252 0.318825 0.000000
6992.186035 0.007432
0.546886 0.160516 0.000000
-0.663819 -0.218772 0.000000
3497.510254 0.001872
-0.167568 -0.909132 0.000000
0.810746 -0.640188 0.000000
